1 11.11 111.111
2 22.22 222.222
3 33.33 333.333
4 44.44 444.444
5 55.55 555.555
6 66.66 666.666
7 77.77 777.777
8 88.88 888.888
9 99.99 999.999
10 10.10 101.010
11 21.21 212.121
12 32.32 323.232
13 43.43 434.343
14 54.54 545.454
15 65.65 656.565
16 76.76 767.676
17 87.87 878.787
18 98.98 989.898
19 19.19 191.919
20 20.20 202.020
21 31.31 313.131
22 42.42 424.242
23 53.53 535.353
24 64.64 646.464
25 75.75 757.575
26 86.86 868.686
27 97.97 979.797
28 28.28 282.828
29 39.39 393.939
30 50.50 505.050
31 61.61 616.161
32 72.72 727.272
33 83.83 838.383
34 94.94 949.494
35 35.35 353.535
36 46.46 464.646
37 57.57 575.757
38 68.68 686.868
39 79.79 797.979
40 90.90 909.090
41 41.41 414.141
42 52.52 525.252
43 63.63 636.363
44 74.74 747.474
45 85.85 858.585
46 96.96 969.696
47 47.47 474.747
48 58.58 585.858
49 69.69 696.969
50 80.80 808.080
51 91.91 919.191
52 52.52 525.252
53 63.63 636.363
54 74.74 747.474
55 85.85 858.585
56 96.96 969.696
57 57.57 575.757
58 68.68 686.868
59 79.79 797.979
60 90.90 909.090
61 41.41 414.141
62 52.52 525.252
63 63.63 636.363
64 74.74 747.474
65 85.85 858.585
66 96.96 969.696
67 47.47 474.747
68 58.58 585.858
69 69.69 696.969
70 80.80 808.080
71 91.91 919.191
72 42.42 424.242
73 53.53 535.353
74 64.64 646.464
75 75.75 757.575
76 86.86 868.686
77 97.97 979.797
78 48.48 484.848
79 59.59 595.959
80 70.70 707.070
81 81.81 818.181
82 92.92 929.292
83 43.43 434.343
84 54.54 545.454
85 65.65 656.565
86 76.76 767.676
87 87.87 878.787
88 98.98 989.898
89 49.49 494.949
90 60.60 606.060
91 71.71 717.171
92 82.82 828.282
93 93.93 939.393
94 44.44 444.444
95 55.55 555.555
96 66.66 666.666
97 77.77 777.777
98 88.88 888.888
99 99.99 999.999
100 50.50 505.050